[[[ 9.50000034]
  [13.11700034]
  [ 9.3329999 ]
  ...
  [29.76700035]
  [29.98000015]
  [29.90000025]]

 [[13.11700034]
  [ 9.3329999 ]
  [ 9.0169996 ]
  ...
  [29.98000015]
  [29.90000025]
  [29.59999992]]

 [[ 9.3329999 ]
  [ 9.0169996 ]
  [10.61700041]
  ...
  [29.90000025]
  [29.59999992]
  [29.11700011]]

 ...

 [[24.31699999]
  [23.7799999 ]
  [23.6859999 ]
  ...
  [25.56699996]
  [25.18299997]
  [24.60000005]]

 [[23.7799999 ]
  [23.6859999 ]
  [23.51700005]
  ...
  [25.18299997]
  [24.60000005]
  [23.986     ]]

 [[23.6859999 ]
  [23.51700005]
  [23.28299999]
  ...
  [24.60000005]
  [23.986     ]
  [23.3830001 ]]]