[[[ 9.50000034]
  [22.91615809]
  [ 9.3329999 ]
  ...
  [12.76164296]
  [17.70210336]
  [24.11405229]]

 [[20.8897021 ]
  [10.92897821]
  [ 9.0169996 ]
  ...
  [29.98000015]
  [29.90000025]
  [29.59999992]]

 [[35.72204912]
  [35.22704584]
  [36.5       ]
  ...
  [29.90000025]
  [29.59999992]
  [29.11700011]]

 ...

 [[24.31699999]
  [23.7799999 ]
  [23.6859999 ]
  ...
  [12.69518572]
  [ 5.54268766]
  [24.60000005]]

 [[28.93092596]
  [31.64612214]
  [23.51700005]
  ...
  [25.18299997]
  [ 9.38216027]
  [20.73170172]]

 [[23.6859999 ]
  [23.51700005]
  [30.17698233]
  ...
  [18.07063415]
  [23.986     ]
  [23.3830001 ]]]